Sample,Sample.ogg, 1, 250, 1, 1400, 353;
1, 1, 1, 0, 9, 1, 0, 0;
2, 1, 1, 0, 9, 3, 0, 0;
3, 1, 2, 0, 10, 1, 0, 0;
4, 1, 2, 0, 10, 3, 0, 0;
5, 1, 3, 0, 11, 1, 0, 0;
6, 1, 3, 0, 11, 3, 0, 0;
7, 1, 4, 0, 12, 1, 0, 0;
8, 1, 4, 0, 12, 3, 0, 0;
9, 1, 1, 0, 13, 1, 0, 0;
10, 1, 1, 0, 13, 3, 0, 0;
11, 1, 2, 0, 14, 1, 0, 0;
12, 1, 2, 0, 14, 3, 0, 0;
13, 1, 3, 0, 15, 1, 0, 0;
14, 1, 3, 0, 15, 3, 0, 0;
15, 1, 5, 0, 16, 1, 0, 0;
16, 1, 6, 0, 16, 2, 0, 0;
17, 1, 5, 0, 16, 3, 0, 0;
18, 1, 6, 0, 16, 4, 0, 0;
19, 1, 1, 0, 17, 1, 0, 0;
20, 1, 2, 0, 17, 3, 0, 0;
21, 1, 1, 0, 18, 1, 0, 0;
22, 1, 2, 0, 18, 3, 0, 0;
23, 1, 1, 0, 19, 1, 0, 0;
24, 1, 2, 0, 19, 3, 0, 0;
25, 1, 1, 0, 20, 1, 0, 0;
26, 1, 2, 0, 20, 3, 0, 0;
27, 1, 3, 0, 21, 1, 0, 0;
28, 1, 4, 0, 21, 3, 0, 0;
29, 1, 3, 0, 22, 1, 0, 0;
30, 1, 4, 0, 22, 3, 0, 0;
31, 1, 3, 0, 23, 1, 0, 0;
32, 1, 4, 0, 23, 3, 0, 0;
33, 1, 5, 0, 24, 1, 0, 0;
34, 1, 6, 0, 24, 2, 0, 0;
35, 1, 5, 0, 24, 3, 0, 0;
36, 1, 1, 0, 25, 1, 0, 0;
37, 1, 1, 0, 25, 3, 0, 0;
38, 1, 2, 0, 26, 1, 0, 0;
39, 1, 2, 0, 26, 3, 0, 0;
40, 1, 3, 0, 27, 1, 0, 0;
41, 1, 3, 0, 27, 3, 0, 0;
42, 1, 4, 0, 28, 1, 0, 0;
43, 1, 4, 0, 28, 3, 0, 0;
44, 1, 5, 0, 29, 1, 0, 0;
45, 1, 5, 0, 29, 3, 0, 0;
46, 1, 6, 0, 30, 1, 0, 0;
47, 1, 6, 0, 30, 3, 0, 0;
48, 1, 1, 0, 31, 1, 0, 0;
49, 1, 1, 0, 31, 3, 0, 0;
50, 1, 2, 0, 32, 1, 0, 0;
51, 1, 2, 0, 32, 3, 0, 0;
52, 1, 3, 0, 33, 1, 0, 0;
53, 1, 3, 0, 33, 3, 0, 0;
54, 1, 4, 0, 34, 1, 0, 0;
55, 1, 4, 0, 34, 3, 0, 0;
56, 1, 5, 0, 35, 1, 0, 0;
57, 1, 5, 0, 35, 3, 0, 0;
58, 1, 6, 0, 36, 1, 0, 0;
59, 1, 6, 0, 36, 3, 0, 0;
60, 1, 1, 0, 37, 1, 0, 0;
61, 1, 2, 0, 37, 3, 0, 0;
62, 1, 1, 0, 38, 1, 0, 0;
63, 1, 2, 0, 38, 3, 0, 0;
64, 1, 1, 0, 39, 1, 0, 0;
65, 1, 2, 0, 39, 3, 0, 0;
66, 1, 1, 0, 40, 1, 0, 0;
67, 1, 2, 0, 40, 3, 0, 0;
68, 1, 1, 0, 41, 1, 0, 0;
69, 1, 1, 0, 41, 3, 0, 0;
70, 1, 2, 0, 42, 1, 0, 0;
71, 1, 2, 0, 42, 3, 0, 0;
72, 1, 3, 0, 43, 1, 0, 0;
73, 1, 3, 0, 43, 3, 0, 0;
74, 1, 4, 0, 44, 1, 0, 0;
75, 1, 4, 0, 44, 3, 0, 0;
76, 1, 1, 0, 45, 1, 0, 0;
77, 1, 1, 0, 45, 3, 0, 0;
78, 1, 2, 0, 46, 1, 0, 0;
79, 1, 2, 0, 46, 3, 0, 0;
80, 1, 3, 0, 47, 1, 0, 0;
81, 1, 3, 0, 47, 3, 0, 0;
82, 1, 6, 0, 48, 1, 0, 0;
83, 1, 5, 0, 48, 2, 0, 0;
84, 1, 6, 0, 48, 3, 0, 0;
85, 1, 1, 0, 49, 1, 0, 0;
86, 1, 1, 0, 49, 3, 0, 0;
87, 1, 2, 0, 50, 1, 0, 0;
88, 1, 2, 0, 50, 3, 0, 0;
89, 1, 3, 0, 51, 1, 0, 0;
90, 1, 3, 0, 51, 3, 0, 0;
91, 1, 4, 0, 52, 1, 0, 0;
92, 1, 4, 0, 52, 3, 0, 0;
93, 1, 5, 0, 53, 1, 0, 0;
94, 1, 5, 0, 53, 3, 0, 0;
95, 1, 6, 0, 54, 1, 0, 0;
96, 1, 6, 0, 54, 3, 0, 0;
97, 1, 1, 0, 55, 1, 0, 0;
98, 1, 1, 0, 55, 3, 0, 0;
99, 1, 2, 0, 56, 1, 0, 0;
100, 1, 2, 0, 56, 3, 0, 0;
101, 1, 3, 0, 57, 1, 0, 0;
102, 1, 3, 0, 57, 3, 0, 0;
103, 1, 4, 0, 58, 1, 0, 0;
104, 1, 4, 0, 58, 3, 0, 0;
105, 1, 5, 0, 59, 1, 0, 0;
106, 1, 5, 0, 59, 3, 0, 0;
107, 1, 6, 0, 60, 1, 0, 0;
108, 1, 6, 0, 60, 3, 0, 0;
109, 1, 3, 0, 61, 1, 0, 0;
110, 1, 4, 0, 61, 3, 0, 0;
111, 1, 3, 0, 62, 1, 0, 0;
112, 1, 4, 0, 62, 3, 0, 0;
113, 1, 3, 0, 63, 1, 0, 0;
114, 1, 4, 0, 63, 3, 0, 0;
115, 1, 3, 0, 64, 1, 0, 0;
116, 1, 4, 0, 64, 3, 0, 0;
117, 1, 1, 0, 65, 1, 0, 0;
118, 1, 1, 0, 65, 2, 0, 0;
119, 1, 1, 0, 65, 3, 0, 0;
120, 1, 1, 0, 65, 4, 0, 0;
121, 1, 1, 0, 66, 1, 0, 0;
122, 1, 1, 0, 66, 2, 0, 0;
123, 1, 1, 0, 66, 3, 0, 0;
124, 1, 1, 0, 66, 4, 0, 0;
125, 1, 5, 0, 67, 1, 0, 0;
126, 1, 6, 0, 67, 2, 0, 0;
127, 1, 5, 0, 67, 3, 0, 0;
128, 1, 6, 0, 67, 4, 0, 0;
129, 1, 5, 0, 68, 1, 0, 0;
130, 1, 6, 0, 68, 2, 0, 0;
131, 1, 5, 0, 68, 3, 0, 0;
132, 1, 6, 0, 68, 4, 0, 0;
133, 1, 2, 0, 69, 1, 0, 0;
134, 1, 2, 0, 69, 2, 0, 0;
135, 1, 2, 0, 69, 3, 0, 0;
136, 1, 2, 0, 69, 4, 0, 0;
137, 1, 2, 0, 70, 1, 0, 0;
138, 1, 2, 0, 70, 2, 0, 0;
139, 1, 2, 0, 70, 3, 0, 0;
140, 1, 2, 0, 70, 4, 0, 0;
141, 1, 6, 0, 71, 1, 0, 0;
142, 1, 5, 0, 71, 2, 0, 0;
143, 1, 6, 0, 71, 3, 0, 0;
144, 1, 5, 0, 71, 4, 0, 0;
145, 1, 6, 0, 72, 1, 0, 0;
146, 1, 5, 0, 72, 2, 0, 0;
147, 1, 6, 0, 72, 3, 0, 0;
148, 1, 5, 0, 72, 4, 0, 0;
149, 1, 3, 0, 73, 1, 0, 0;
150, 1, 3, 0, 73, 2, 0, 0;
151, 1, 3, 0, 73, 3, 0, 0;
152, 1, 3, 0, 73, 4, 0, 0;
153, 1, 3, 0, 74, 1, 0, 0;
154, 1, 3, 0, 74, 2, 0, 0;
155, 1, 3, 0, 74, 3, 0, 0;
156, 1, 3, 0, 74, 4, 0, 0;
157, 1, 5, 0, 75, 1, 0, 0;
158, 1, 6, 0, 75, 2, 0, 0;
159, 1, 5, 0, 75, 3, 0, 0;
160, 1, 6, 0, 75, 4, 0, 0;
161, 1, 5, 0, 76, 1, 0, 0;
162, 1, 6, 0, 76, 2, 0, 0;
163, 1, 5, 0, 76, 3, 0, 0;
164, 1, 6, 0, 76, 4, 0, 0;
165, 1, 4, 0, 77, 1, 0, 0;
166, 1, 4, 0, 77, 2, 0, 0;
167, 1, 4, 0, 77, 3, 0, 0;
168, 1, 4, 0, 77, 4, 0, 0;
169, 1, 4, 0, 78, 1, 0, 0;
170, 1, 4, 0, 78, 2, 0, 0;
171, 1, 4, 0, 78, 3, 0, 0;
172, 1, 4, 0, 78, 4, 0, 0;
173, 1, 6, 0, 79, 1, 0, 0;
174, 1, 5, 0, 79, 2, 0, 0;
175, 1, 6, 0, 79, 3, 0, 0;
176, 1, 5, 0, 79, 4, 0, 0;
177, 1, 6, 0, 80, 1, 0, 0;
178, 1, 5, 0, 80, 2, 0, 0;
179, 1, 6, 0, 80, 3, 0, 0;
180, 1, 1, 0, 81, 1, 0, 0;
181, 1, 1, 0, 81, 2, 0, 0;
182, 1, 1, 0, 81, 3, 0, 0;
183, 1, 1, 0, 81, 4, 0, 0;
184, 1, 3, 0, 82, 1, 0, 0;
185, 1, 3, 0, 82, 2, 0, 0;
186, 1, 3, 0, 82, 3, 0, 0;
187, 1, 3, 0, 82, 4, 0, 0;
188, 1, 2, 0, 83, 1, 0, 0;
189, 1, 2, 0, 83, 2, 0, 0;
190, 1, 2, 0, 83, 3, 0, 0;
191, 1, 2, 0, 83, 4, 0, 0;
192, 1, 4, 0, 84, 1, 0, 0;
193, 1, 4, 0, 84, 2, 0, 0;
194, 1, 4, 0, 84, 3, 0, 0;
195, 1, 4, 0, 84, 4, 0, 0;
196, 1, 4, 0, 85, 1, 0, 0;
197, 1, 1, 0, 85, 2, 0, 0;
198, 1, 3, 0, 85, 3, 0, 0;
199, 1, 2, 0, 85, 4, 0, 0;
200, 1, 6, 0, 86, 1, 0, 0;
201, 1, 5, 0, 86, 2, 0, 0;
202, 1, 6, 0, 86, 3, 0, 0;
203, 1, 2, 0, 87, 1, 0, 0;
204, 1, 3, 0, 87, 2, 0, 0;
205, 1, 1, 0, 87, 3, 0, 0;
206, 1, 4, 0, 87, 4, 0, 0;
207, 1, 5, 0, 88, 1, 0, 0;
208, 1, 6, 0, 88, 3, 0, 0;
209, 1, 1, 0, 89, 1, 0, 0;
210, 1, 1, 0, 89, 2, 0, 0;
211, 1, 1, 0, 89, 3, 0, 0;
212, 1, 1, 0, 89, 4, 0, 0;
213, 1, 3, 0, 90, 1, 0, 0;
214, 1, 3, 0, 90, 2, 0, 0;
215, 1, 3, 0, 90, 3, 0, 0;
216, 1, 3, 0, 90, 4, 0, 0;
217, 1, 2, 0, 91, 1, 0, 0;
218, 1, 2, 0, 91, 2, 0, 0;
219, 1, 2, 0, 91, 3, 0, 0;
220, 1, 2, 0, 91, 4, 0, 0;
221, 1, 4, 0, 92, 1, 0, 0;
222, 1, 4, 0, 92, 2, 0, 0;
223, 1, 4, 0, 92, 3, 0, 0;
224, 1, 4, 0, 92, 4, 0, 0;
225, 1, 5, 0, 93, 1, 0, 0;
226, 1, 5, 0, 93, 2, 0, 0;
227, 1, 6, 0, 93, 3, 0, 0;
228, 1, 6, 0, 93, 4, 0, 0;
229, 1, 5, 0, 94, 1, 0, 0;
230, 1, 3, 0, 94, 2, 0, 0;
231, 1, 1, 0, 94, 3, 0, 0;
232, 1, 1, 0, 95, 1, 0, 0;
233, 1, 2, 0, 95, 2, 0, 0;
234, 1, 6, 0, 95, 3, 0, 0;
235, 1, 5, 0, 95, 4, 0, 0;
236, 1, 2, 0, 96, 1, 0, 0;
237, 1, 2, 0, 96, 3, 0, 0;
238, 1, 2, 0, 97, 1, 0, 0;
239, 1, 5, 0, 97, 3, 0, 0;
240, 1, 2, 0, 98, 1, 0, 0;
241, 1, 5, 0, 98, 3, 0, 0;
242, 1, 2, 0, 99, 1, 0, 0;
243, 1, 5, 0, 99, 3, 0, 0;
244, 1, 2, 0, 100, 1, 0, 0;
245, 1, 5, 0, 100, 3, 0, 0;
246, 1, 1, 0, 101, 1, 0, 0;
247, 1, 6, 0, 101, 3, 0, 0;
248, 1, 1, 0, 102, 1, 0, 0;
249, 1, 6, 0, 102, 3, 0, 0;
250, 1, 1, 0, 103, 1, 0, 0;
251, 1, 6, 0, 103, 3, 0, 0;
252, 1, 1, 0, 104, 1, 0, 0;
253, 1, 6, 0, 104, 3, 0, 0;
254, 1, 3, 0, 105, 1, 0, 0;
255, 1, 4, 0, 105, 3, 0, 0;
256, 1, 3, 0, 106, 1, 0, 0;
257, 1, 4, 0, 106, 3, 0, 0;
258, 1, 3, 0, 107, 1, 0, 0;
259, 1, 4, 0, 107, 3, 0, 0;
260, 1, 3, 0, 108, 1, 0, 0;
261, 1, 4, 0, 108, 3, 0, 0;
262, 1, 1, 0, 109, 1, 0, 0;
263, 1, 2, 0, 109, 3, 0, 0;
264, 1, 1, 0, 110, 1, 0, 0;
265, 1, 2, 0, 110, 3, 0, 0;
266, 1, 1, 0, 111, 1, 0, 0;
267, 1, 2, 0, 111, 3, 0, 0;
268, 1, 1, 0, 112, 1, 0, 0;
269, 1, 2, 0, 112, 3, 0, 0;
270, 1, 1, 0, 113, 1, 0, 0;
271, 1, 3, 0, 114, 1, 0, 0;
272, 1, 2, 0, 115, 1, 0, 0;
273, 1, 4, 0, 116, 1, 0, 0;
274, 1, 4, 0, 117, 1, 0, 0;
275, 1, 2, 0, 118, 1, 0, 0;
276, 1, 3, 0, 119, 1, 0, 0;
277, 1, 1, 0, 120, 1, 0, 0;
278, 1, 2, 0, 121, 1, 0, 0;
279, 1, 2, 0, 121, 3, 0, 0;
280, 1, 4, 0, 122, 1, 0, 0;
281, 1, 4, 0, 122, 3, 0, 0;
282, 1, 1, 0, 123, 1, 0, 0;
283, 1, 1, 0, 123, 3, 0, 0;
284, 1, 3, 0, 124, 1, 0, 0;
285, 1, 3, 0, 124, 3, 0, 0;
286, 1, 1, 0, 125, 1, 0, 0;
287, 1, 2, 0, 125, 3, 0, 0;
288, 1, 3, 0, 126, 1, 0, 0;
289, 1, 4, 0, 126, 3, 0, 0;
290, 1, 5, 0, 127, 1, 0, 0;
291, 1, 6, 0, 127, 3, 0, 0;
292, 1, 5, 0, 128, 1, 0, 0;
293, 1, 6, 0, 128, 2, 0, 0;
294, 1, 5, 0, 128, 3, 0, 0;
295, 1, 1, 0, 129, 1, 0, 0;
296, 1, 1, 0, 129, 2, 0, 0;
297, 1, 1, 0, 129, 3, 0, 0;
298, 1, 1, 0, 129, 4, 0, 0;
299, 1, 3, 0, 130, 1, 0, 0;
300, 1, 3, 0, 130, 2, 0, 0;
301, 1, 3, 0, 130, 3, 0, 0;
302, 1, 3, 0, 130, 4, 0, 0;
303, 1, 2, 0, 131, 1, 0, 0;
304, 1, 2, 0, 131, 2, 0, 0;
305, 1, 2, 0, 131, 3, 0, 0;
306, 1, 2, 0, 131, 4, 0, 0;
307, 1, 4, 0, 132, 1, 0, 0;
308, 1, 4, 0, 132, 2, 0, 0;
309, 1, 4, 0, 132, 3, 0, 0;
310, 1, 4, 0, 132, 4, 0, 0;
311, 1, 4, 0, 133, 1, 0, 0;
312, 1, 1, 0, 133, 2, 0, 0;
313, 1, 3, 0, 133, 3, 0, 0;
314, 1, 2, 0, 133, 4, 0, 0;
315, 1, 6, 0, 134, 1, 0, 0;
316, 1, 5, 0, 134, 2, 0, 0;
317, 1, 6, 0, 134, 3, 0, 0;
318, 1, 2, 0, 135, 1, 0, 0;
319, 1, 3, 0, 135, 2, 0, 0;
320, 1, 1, 0, 135, 3, 0, 0;
321, 1, 4, 0, 135, 4, 0, 0;
322, 1, 5, 0, 136, 1, 0, 0;
323, 1, 6, 0, 136, 3, 0, 0;
324, 1, 1, 0, 137, 1, 0, 0;
325, 1, 1, 0, 137, 2, 0, 0;
326, 1, 1, 0, 137, 3, 0, 0;
327, 1, 1, 0, 137, 4, 0, 0;
328, 1, 3, 0, 138, 1, 0, 0;
329, 1, 3, 0, 138, 2, 0, 0;
330, 1, 3, 0, 138, 3, 0, 0;
331, 1, 3, 0, 138, 4, 0, 0;
332, 1, 2, 0, 139, 1, 0, 0;
333, 1, 2, 0, 139, 2, 0, 0;
334, 1, 2, 0, 139, 3, 0, 0;
335, 1, 2, 0, 139, 4, 0, 0;
336, 1, 4, 0, 140, 1, 0, 0;
337, 1, 4, 0, 140, 2, 0, 0;
338, 1, 4, 0, 140, 3, 0, 0;
339, 1, 4, 0, 140, 4, 0, 0;
340, 1, 5, 0, 141, 1, 0, 0;
341, 1, 5, 0, 141, 2, 0, 0;
342, 1, 6, 0, 141, 3, 0, 0;
343, 1, 6, 0, 141, 4, 0, 0;
344, 1, 5, 0, 142, 1, 0, 0;
345, 1, 3, 0, 142, 2, 0, 0;
346, 1, 1, 0, 142, 3, 0, 0;
347, 1, 1, 0, 143, 1, 0, 0;
348, 1, 2, 0, 143, 2, 0, 0;
349, 1, 6, 0, 143, 3, 0, 0;
350, 1, 5, 0, 143, 4, 0, 0;
351, 1, 2, 0, 144, 1, 0, 0;
352, 1, 2, 0, 144, 3, 0, 0;
353, 1, 2, 0, 145, 1, 0, 0;